Afrikaans2
1234
 
User selection has the following criteria:
Station Name: THABA
Durations requested: 5 m, 10 m, 15 m, 30 m, 45 m, 1 h, 1.5 h, 2 h, 4 h, 6 h, 8 h, 10 h, 12 h, 16 h, 20 h, 24 h, 1 d, 2 d, 3 d, 4 d, 5 d, 6 d, 7 d
Return Periods requested: 2 yr, 5 yr, 10 yr, 20 yr, 50 yr, 100 yr, 200 yr
Block Size requested: 1 minutes

Data extracted from Daily Rainfall Estimate Database File
The station selected and the five closest stations are listed

Station Name                SAWS      Distance  Record  Latitude Longitude  MAP Altitude Duration   Return Period (years)
                            Number        (km) (Years)  ( (')  ( (') (mm)      (m)  (m/h/d)        2       2L       2U        5       5L       5U       10      10L      10U       20      20L      20U       50      50L      50U      100     100L     100U      200     200L     200U
 
THABAZIMBI                  0587697_W      0.0      63   24   35   27   24  635     1140      1 d     50.1     49.8     50.3     69.0     68.6     69.5     82.0     81.2     82.9     94.7     93.4     96.5    111.7    109.2    114.8    124.8    121.4    129.1    138.1    133.2    144.1
                                                                                              2 d     66.1     65.6     66.5     90.8     90.1     91.6    107.3    106.0    108.7    123.3    120.8    125.6    144.0    140.5    148.1    159.7    154.5    165.5    175.4    167.9    183.4
                                                                                              3 d     73.8     73.2     74.3    101.8    101.0    102.7    120.5    118.9    122.1    138.7    136.3    141.5    162.5    157.8    167.6    180.6    173.9    187.7    198.8    189.6    208.9
                                                                                              4 d     79.9     79.3     80.5    110.3    109.4    111.3    130.7    129.1    132.4    150.5    148.3    153.5    176.4    172.1    181.8    196.0    188.7    203.6    215.8    205.5    226.7
                                                                                              5 d     86.4     85.7     87.0    119.4    118.3    120.5    141.3    139.6    143.4    162.6    160.1    165.9    190.2    184.9    196.0    210.9    202.9    219.5    231.8    220.8    244.0
                                                                                              6 d     92.0     91.2     92.7    127.0    125.9    128.2    150.3    148.2    152.8    172.8    170.2    176.6    202.0    196.1    208.7    223.9    215.3    233.8    245.9    233.1    260.2
                                                                                              7 d     98.0     97.1     98.8    135.4    134.3    136.8    160.4    158.2    163.1    184.5    181.4    188.9    216.1    209.7    223.8    239.7    229.4    250.9    263.5    248.6    278.8
THABAZIMBI                  0587697_A      3.6      24   24   37   27   24  650     1040      1 d     53.8     53.6     54.0     73.3     72.9     73.6     87.3     86.6     88.0    101.6    100.5    102.9    121.5    119.8    124.2    137.6    134.9    141.6    154.5    150.8    160.2
                                                                                              2 d     67.3     67.0     67.6     91.1     90.6     91.5    107.8    106.8    108.9    124.7    122.9    126.7    147.8    144.5    151.8    166.1    161.4    172.0    185.1    178.9    193.5
                                                                                              3 d     77.7     77.2     78.1    104.9    104.2    105.4    123.7    122.4    125.2    142.2    139.9    144.9    167.2    162.7    172.4    186.6    180.5    193.6    206.4    198.5    216.1
                                                                                              4 d     82.9     82.2     83.2    111.8    111.1    112.3    131.5    129.9    133.1    150.9    148.1    154.1    176.6    171.7    182.0    196.3    189.9    203.9    216.5    207.7    226.7
                                                                                              5 d     88.0     87.3     88.6    118.5    117.7    119.1    139.0    137.3    140.7    159.0    155.7    162.4    185.1    179.9    190.8    205.0    197.4    213.3    225.1    215.0    236.1
                                                                                              6 d     91.8     91.1     92.4    123.1    122.3    123.8    144.1    142.3    145.9    164.2    160.8    167.5    190.3    184.9    196.2    210.0    202.2    218.0    229.7    219.8    240.8
                                                                                              7 d     98.2     97.6     98.7    131.6    130.8    132.3    153.7    152.0    155.7    174.9    171.8    178.3    202.5    196.8    208.4    223.1    215.1    231.1    243.6    233.4    254.4
MEBANI                      0587668_W      5.7      44   24   38   27   25  614     1160      1 d     58.9     58.6     59.1     80.2     79.8     80.5     95.5     94.7     96.3    111.1    109.9    112.6    133.0    131.1    135.9    150.5    147.6    154.9    169.1    165.0    175.2
                                                                                              2 d     72.5     72.2     72.8     98.1     97.6     98.6    116.1    115.0    117.3    134.3    132.4    136.5    159.2    155.6    163.5    178.8    173.8    185.3    199.4    192.6    208.4
                                                                                              3 d     81.9     81.4     82.3    110.6    109.9    111.1    130.4    129.1    132.0    150.0    147.5    152.8    176.3    171.5    181.7    196.7    190.4    204.1    217.7    209.3    227.9
                                                                                              4 d     88.2     87.5     88.6    119.0    118.3    119.6    140.0    138.3    141.7    160.6    157.7    164.0    188.0    182.8    193.8    209.0    202.2    217.1    230.5    221.1    241.4
                                                                                              5 d     93.9     93.2     94.5    126.4    125.6    127.1    148.4    146.5    150.2    169.7    166.2    173.3    197.6    192.1    203.7    218.8    210.7    227.7    240.3    229.5    252.0
                                                                                              6 d    100.0     99.3    100.6    134.2    133.2    134.9    157.0    155.1    159.0    178.9    175.2    182.5    207.4    201.5    213.9    228.9    220.4    237.6    250.3    239.5    262.4
                                                                                              7 d    105.0    104.3    105.6    140.7    139.8    141.5    164.4    162.5    166.5    187.1    183.7    190.7    216.6    210.4    222.8    238.6    230.0    247.2    260.5    249.6    272.1
PRERUS                      0587483_W     13.1      30   24   33   27   17  553      935      1 d     56.1     55.8     56.4     77.4     76.9     77.9     91.9     91.1     93.0    106.2    104.7    108.2    125.3    122.5    128.7    140.0    136.2    144.8    154.9    149.4    161.7
                                                                                              2 d     72.0     71.5     72.5     98.9     98.2     99.8    116.9    115.5    118.4    134.3    131.6    136.8    156.9    153.1    161.4    174.0    168.3    180.3    191.1    182.9    199.9
                                                                                              3 d     79.2     78.6     79.8    109.2    108.3    110.2    129.4    127.7    131.1    148.8    146.3    151.9    174.4    169.3    179.9    193.8    186.6    201.4    213.4    203.4    224.2
                                                                                              4 d     85.0     84.4     85.7    117.4    116.4    118.4    139.1    137.4    140.9    160.2    157.8    163.4    187.8    183.1    193.5    208.6    200.8    216.7    229.7    218.7    241.3
                                                                                              5 d     91.2     90.5     91.9    126.1    125.0    127.2    149.3    147.4    151.4    171.7    169.1    175.2    200.8    195.3    207.0    222.8    214.2    231.8    244.8    233.1    257.7
                                                                                              6 d     93.9     93.1     94.6    129.6    128.5    130.8    153.4    151.3    155.9    176.3    173.7    180.3    206.1    200.1    213.0    228.5    219.7    238.6    250.9    237.8    265.5
                                                                                              7 d    100.3     99.4    101.1    138.6    137.4    140.0    164.2    161.9    166.9    188.8    185.6    193.3    221.1    214.6    229.1    245.3    234.8    256.7    269.6    254.5    285.3
BUFFELDOORNS                0587214_W     30.7      64   24   34   27    7  531      935      1 d     56.8     56.5     57.0     78.3     77.8     78.9     93.0     92.2     94.1    107.5    105.9    109.5    126.8    124.0    130.2    141.6    137.8    146.4    156.7    151.2    163.5
                                                                                              2 d     72.0     71.5     72.5     98.9     98.2     99.8    116.9    115.5    118.4    134.3    131.6    136.9    156.9    153.1    161.4    174.0    168.3    180.4    191.2    182.9    199.9
                                                                                              3 d     78.9     78.3     79.5    108.8    108.0    109.9    128.9    127.2    130.6    148.3    145.8    151.4    173.8    168.8    179.3    193.2    186.0    200.7    212.7    202.8    223.4
                                                                                              4 d     84.2     83.5     84.8    116.2    115.3    117.3    137.7    136.0    139.5    158.6    156.2    161.7    185.9    181.3    191.6    206.5    198.8    214.5    227.4    216.5    238.8
                                                                                              5 d     90.0     89.3     90.7    124.4    123.3    125.5    147.3    145.4    149.4    169.4    166.9    172.8    198.1    192.6    204.2    219.8    211.4    228.7    241.5    230.0    254.2
                                                                                              6 d     94.1     93.3     94.8    129.9    128.8    131.1    153.7    151.5    156.2    176.6    174.0    180.6    206.5    200.4    213.3    228.9    220.1    239.1    251.4    238.2    266.0
                                                                                              7 d     97.9     97.1     98.7    135.3    134.1    136.6    160.3    158.1    162.9    184.3    181.2    188.7    215.8    209.5    223.6    239.5    229.2    250.6    263.2    248.4    278.5
AGEN                        0630383_W     32.0      47   24   24   27   10  477      919      1 d     50.9     50.6     51.1     70.1     69.7     70.6     83.3     82.5     84.3     96.2     94.9     98.0    113.5    111.0    116.6    126.8    123.4    131.1    140.3    135.3    146.4
                                                                                              2 d     61.0     60.6     61.4     83.8     83.2     84.6     99.0     97.8    100.3    113.8    111.5    115.9    132.9    129.7    136.7    147.4    142.6    152.8    162.0    155.0    169.3
                                                                                              3 d     66.3     65.8     66.8     91.4     90.7     92.3    108.3    106.9    109.7    124.6    122.4    127.1    146.0    141.7    150.6    162.2    156.2    168.6    178.6    170.3    187.7
                                                                                              4 d     69.2     68.6     69.7     95.5     94.7     96.3    113.1    111.7    114.6    130.3    128.4    132.9    152.7    148.9    157.4    169.7    163.3    176.3    186.8    177.9    196.3
                                                                                              5 d     74.9     74.3     75.4    103.5    102.6    104.4    122.5    121.0    124.3    140.9    138.8    143.8    164.8    160.2    169.9    182.8    175.8    190.2    200.9    191.3    211.5
                                                                                              6 d     79.6     78.9     80.2    109.9    109.0    110.9    130.1    128.3    132.2    149.5    147.3    152.8    174.8    169.6    180.6    193.7    186.3    202.3    212.7    201.6    225.1
                                                                                              7 d     82.6     81.9     83.3    114.1    113.1    115.3    135.2    133.3    137.4    155.5    152.8    159.2    182.1    176.7    188.6    202.0    193.3    211.4    222.0    209.5    235.0
 
Gridded values of all points within the specified block
  Latitude Longitude  MAP Altitude Duration   Return Period (years)
  ( (')  ( (') (mm)      (m)  (m/h/d)        2       2L       2U        5       5L       5U       10      10L      10U       20      20L      20U       50      50L      50U      100     100L     100U      200     200L     200U

   24   34   27   23  660     1090      5 m     10.0      8.3     11.7     13.6     11.3     15.9     16.2     13.4     19.0     18.8     15.5     22.3     22.5     18.3     26.8     25.4     20.5     30.7     28.6     22.8     34.9
                                       10 m     14.9     12.5     17.2     20.2     17.0     23.4     24.0     20.2     27.9     27.9     23.3     32.7     33.4     27.6     39.5     37.8     31.0     45.2     42.5     34.5     51.3
                                       15 m     18.8     16.0     21.6     25.5     21.7     29.3     30.3     25.7     35.0     35.2     29.7     41.0     42.1     35.2     49.5     47.7     39.4     56.6     53.6     43.8     64.2
                                       30 m     23.8     20.3     27.2     32.3     27.6     36.9     38.4     32.7     44.1     44.6     37.8     51.7     53.4     44.8     62.4     60.4     50.2     71.4     67.9     55.8     81.0
                                       45 m     27.3     23.4     31.2     37.0     31.8     42.3     44.1     37.7     50.5     51.2     43.6     59.2     61.3     51.6     71.4     69.4     57.8     81.7     77.9     64.3     92.7
                                        1 h     30.1     25.9     34.3     40.8     35.2     46.5     48.6     41.6     55.6     56.5     48.2     65.2     67.6     57.0     78.6     76.5     63.9     90.0     85.9     71.1    102.1
                                      1.5 h     34.5     29.8     39.3     46.9     40.5     53.3     55.8     48.0     63.7     64.9     55.5     74.7     77.6     65.7     90.1     87.8     73.6    103.0     98.7     81.9    116.9
                                        2 h     38.1     33.0     43.2     51.7     44.8     58.7     61.5     53.0     70.1     71.6     61.4     82.2     85.6     72.6     99.2     96.9     81.4    113.4    108.8     90.6    128.7
                                        4 h     45.1     39.6     50.6     61.2     53.7     68.7     72.8     63.6     82.1     84.7     73.6     96.2    101.3     87.2    116.1    114.6     97.7    132.8    128.8    108.7    150.7
                                        6 h     49.8     44.0     55.5     67.6     59.8     75.3     80.4     70.8     90.0     93.5     81.9    105.5    111.8     97.0    127.3    126.5    108.7    145.6    142.2    120.9    165.2
                                        8 h     53.4     47.5     59.2     72.5     64.5     80.4     86.2     76.4     96.1    100.3     88.4    112.7    119.9    104.6    135.9    135.7    117.3    155.4    152.5    130.4    176.4
                                       10 h     56.4     50.3     62.3     76.5     68.4     84.6     91.0     81.0    101.1    105.8     93.7    118.5    126.5    110.9    142.9    143.3    124.3    163.5    161.0    138.3    185.6
                                       12 h     58.9     52.8     65.0     80.0     71.8     88.2     95.1     85.0    105.4    110.6     98.3    123.5    132.3    116.4    149.0    149.8    130.5    170.4    168.3    145.1    193.4
                                       16 h     63.2     57.0     69.4     85.8     77.4     94.1    102.0     91.7    112.5    118.7    106.0    131.9    141.9    125.5    159.1    160.6    140.7    182.0    180.5    156.5    206.5
                                       20 h     66.7     60.4     73.0     90.6     82.1     99.0    107.7     97.2    118.4    125.3    112.4    138.7    149.8    133.1    167.3    169.6    149.2    191.4    190.5    166.0    217.2
                                       24 h     69.7     63.4     76.1     94.7     86.1    103.2    112.6    102.0    123.4    131.0    118.0    144.6    156.6    139.7    174.4    177.3    156.6    199.5    199.2    174.1    226.4
                                        1 d     58.0     52.7     63.2     78.7     71.6     85.8     93.7     84.8    102.6    108.9     98.1    120.3    130.2    116.1    145.0    147.4    130.2    165.9    165.6    144.8    188.3
                                        2 d     71.5     66.5     76.4     97.0     90.4    103.6    115.4    107.0    123.9    134.2    123.8    145.2    160.5    146.6    175.1    181.7    164.3    200.3    204.1    182.8    227.3
                                        3 d     80.8     76.2     85.2    109.6    103.5    115.7    130.4    122.6    138.3    151.7    141.9    162.1    181.3    167.9    195.5    205.3    188.3    223.6    230.7    209.4    253.8
                                        4 d     88.1     82.5     93.7    119.6    112.1    127.1    142.3    132.7    151.9    165.5    153.5    178.1    197.8    181.8    214.8    224.0    203.8    245.7    251.7    226.7    278.8
                                        5 d     94.3     87.7    100.7    128.0    119.2    136.7    152.3    141.1    163.4    177.0    163.3    191.6    211.7    193.3    231.0    239.6    216.7    264.3    269.3    241.0    300.0
                                        6 d     99.6     92.2    106.9    135.2    125.3    145.1    160.9    148.4    173.5    187.1    171.7    203.4    223.7    203.2    245.3    253.2    227.8    280.6    284.5    253.4    318.4
                                        7 d    104.4     96.2    112.5    141.7    130.7    152.6    168.6    154.8    182.5    196.0    179.1    213.9    234.4    212.0    257.9    265.3    237.7    295.1    298.1    264.4    334.9
   24   34   27   24  644     1029      5 m     10.0      8.3     11.7     13.8     11.5     16.2     16.4     13.6     19.4     19.0     15.6     22.5     22.4     18.3     26.8     25.0     20.3     30.1     27.7     22.3     33.7
                                       10 m     14.9     12.6     17.3     20.6     17.3     23.9     24.4     20.5     28.5     28.2     23.6     33.1     33.3     27.6     39.4     37.2     30.7     44.3     41.2     33.7     49.5
                                       15 m     18.8     16.0     21.6     25.9     22.0     29.9     30.8     26.1     35.7     35.6     30.0     41.5     42.0     35.1     49.4     46.9     39.0     55.6     51.9     42.8     62.0
                                       30 m     23.8     20.4     27.3     32.9     28.1     37.7     39.0     33.3     45.0     45.1     38.2     52.3     53.2     44.7     62.3     59.4     49.7     70.0     65.7     54.6     78.2
                                       45 m     27.4     23.5     31.2     37.7     32.4     43.2     44.8     38.3     51.5     51.8     44.1     59.9     61.1     51.5     71.3     68.2     57.3     80.2     75.5     62.9     89.5
                                        1 h     30.2     26.0     34.4     41.6     35.8     47.5     49.4     42.4     56.7     57.1     48.7     66.0     67.3     57.0     78.5     75.2     63.4     88.2     83.2     69.5     98.5
                                      1.5 h     34.6     29.9     39.4     47.8     41.2     54.4     56.7     48.8     64.9     65.5     56.1     75.5     77.3     65.7     89.8     86.4     73.0    101.0     95.6     80.1    112.8
                                        2 h     38.2     33.1     43.3     52.7     45.6     59.9     62.6     54.0     71.5     72.3     62.1     83.2     85.3     72.6     98.9     95.2     80.7    111.2    105.4     88.6    124.2
                                        4 h     45.2     39.7     50.7     62.3     54.6     70.1     74.0     64.7     83.7     85.5     74.4     97.3    100.9     87.0    115.7    112.7     96.8    130.2    124.7    106.1    145.4
                                        6 h     49.9     44.1     55.6     68.7     60.7     76.8     81.6     71.9     91.7     94.3     82.7    106.7    111.3     96.8    126.9    124.3    107.6    142.7    137.5    118.0    159.4
                                        8 h     53.5     47.5     59.3     73.7     65.5     82.0     87.5     77.6     97.9    101.1     89.2    113.9    119.3    104.3    135.5    133.3    116.0    152.3    147.5    127.2    170.1
                                       10 h     56.4     50.4     62.4     77.8     69.4     86.3     92.4     82.2    103.0    106.8     94.5    119.8    125.9    110.6    142.5    140.7    122.9    160.3    155.6    134.8    179.0
                                       12 h     59.0     52.9     65.1     81.3     72.8     89.9     96.6     86.2    107.3    111.6     99.1    124.9    131.6    116.0    148.5    147.0    128.9    167.0    162.7    141.4    186.5
                                       16 h     63.2     57.0     69.5     87.2     78.5     96.0    103.5     92.9    114.6    119.6    106.8    133.3    141.1    125.0    158.5    157.6    139.0    178.3    174.4    152.5    199.1
                                       20 h     66.7     60.4     73.1     92.0     83.2    101.0    109.3     98.5    120.5    126.3    113.3    140.2    149.0    132.5    166.8    166.4    147.3    187.6    184.1    161.6    209.5
                                       24 h     69.8     63.3     76.2     96.2     87.3    105.3    114.2    103.3    125.6    132.0    118.8    146.2    155.7    139.0    173.8    173.9    154.5    195.5    192.4    169.5    218.3
                                        1 d     58.0     52.7     63.3     80.0     72.6     87.5     95.0     85.9    104.5    109.8     98.8    121.6    129.5    115.6    144.5    144.6    128.5    162.6    160.0    140.9    181.6
                                        2 d     71.5     66.5     76.4     98.6     91.6    105.6    117.1    108.5    126.0    135.3    124.7    146.6    159.5    145.9    174.4    178.2    162.3    196.1    197.2    178.0    219.0
                                        3 d     80.8     76.2     85.3    111.4    105.0    117.9    132.3    124.4    140.7    152.8    143.0    163.7    180.3    167.3    194.6    201.4    186.0    218.9    222.8    204.0    244.4
                                        4 d     88.1     82.5     93.6    121.5    113.6    129.5    144.3    134.6    154.5    166.7    154.7    179.8    196.6    181.0    213.8    219.6    201.2    240.4    243.0    220.7    268.5
                                        5 d     94.2     87.7    100.7    129.9    120.8    139.2    154.3    143.1    166.2    178.3    164.5    193.3    210.3    192.4    229.9    234.9    213.9    258.6    259.9    234.7    288.7
                                        6 d     99.6     92.2    106.9    137.3    127.0    147.8    163.0    150.4    176.4    188.4    172.9    205.2    222.2    202.3    244.0    248.2    224.9    274.4    274.6    246.7    306.4
                                        7 d    104.3     96.2    112.4    143.8    132.5    155.4    170.8    156.9    185.4    197.4    180.3    215.7    232.8    211.0    256.6    260.0    234.6    288.5    287.7    257.3    322.2
   24   34   27   25  618     1000      5 m      9.9      8.3     11.6     13.7     11.4     16.1     16.3     13.5     19.2     18.8     15.5     22.3     22.2     18.1     26.5     24.8     20.2     29.8     27.4     22.1     33.3
                                       10 m     14.8     12.5     17.1     20.4     17.2     23.6     24.2     20.3     28.2     28.0     23.4     32.8     33.0     27.3     39.0     36.8     30.4     43.9     40.8     33.4     49.0
                                       15 m     18.6     15.8     21.4     25.7     21.8     29.6     30.5     25.9     35.4     35.3     29.7     41.1     41.6     34.8     48.9     46.5     38.7     55.0     51.4     42.4     61.4
                                       30 m     23.6     20.2     27.0     32.5     27.8     37.3     38.6     32.9     44.6     44.7     37.9     51.8     52.7     44.3     61.7     58.8     49.3     69.3     65.1     54.0     77.4
                                       45 m     27.1     23.3     30.9     37.4     32.0     42.8     44.4     38.0     51.0     51.3     43.6     59.4     60.5     51.1     70.6     67.5     56.8     79.4     74.7     62.3     88.7
                                        1 h     29.9     25.7     34.0     41.2     35.4     47.1     48.9     42.0     56.2     56.5     48.2     65.3     66.7     56.5     77.7     74.5     62.8     87.4     82.4     68.8     97.6
                                      1.5 h     34.3     29.6     39.0     47.3     40.8     53.9     56.2     48.4     64.3     64.9     55.6     74.8     76.6     65.0     89.0     85.5     72.3    100.1     94.6     79.3    111.7
                                        2 h     37.8     32.8     42.9     52.2     45.2     59.3     62.0     53.5     70.8     71.6     61.5     82.4     84.5     71.9     97.9     94.3     80.0    110.1    104.4     87.7    123.0
                                        4 h     44.7     39.2     50.2     61.6     54.0     69.3     73.2     64.0     82.8     84.6     73.5     96.3     99.8     86.1    114.5    111.4     95.7    128.8    123.3    104.9    143.8
                                        6 h     49.3     43.6     55.0     67.9     60.0     76.0     80.7     71.1     90.7     93.2     81.7    105.5    110.0     95.6    125.4    122.8    106.2    141.1    135.9    116.5    157.5
                                        8 h     52.8     46.9     58.6     72.8     64.6     81.1     86.4     76.5     96.7     99.9     88.0    112.5    117.8    103.0    133.8    131.6    114.5    150.5    145.6    125.5    168.1
                                       10 h     55.7     49.7     61.7     76.8     68.5     85.2     91.2     81.1    101.7    105.4     93.2    118.4    124.3    109.1    140.7    138.9    121.3    158.3    153.6    133.0    176.8
                                       12 h     58.2     52.1     64.2     80.2     71.8     88.8     95.3     85.0    106.0    110.1     97.7    123.3    129.9    114.3    146.6    145.1    127.1    164.9    160.5    139.4    184.2
                                       16 h     62.4     56.1     68.5     86.0     77.3     94.8    102.1     91.6    113.1    118.0    105.3    131.6    139.2    123.2    156.5    155.5    136.9    176.0    172.0    150.2    196.5
                                       20 h     65.8     59.5     72.1     90.7     81.9     99.6    107.7     97.0    118.9    124.5    111.5    138.4    146.8    130.5    164.5    164.0    145.1    185.0    181.5    159.1    206.6
                                       24 h     68.7     62.3     75.1     94.8     85.9    103.8    112.6    101.7    123.9    130.1    116.9    144.2    153.4    136.8    171.4    171.4    152.1    192.8    189.6    166.8    215.3
                                        1 d     57.2     51.8     62.5     78.8     71.4     86.3     93.6     84.6    103.0    108.2     97.2    119.9    127.6    113.8    142.6    142.5    126.5    160.3    157.7    138.7    179.1
                                        2 d     70.4     65.5     75.3     97.1     90.2    104.1    115.3    106.8    124.3    133.2    122.8    144.6    157.2    143.6    171.9    175.6    159.7    193.4    194.2    175.1    216.0
                                        3 d     79.6     75.0     84.1    109.7    103.3    116.2    130.3    122.4    138.7    150.5    140.7    161.4    177.6    164.6    191.9    198.4    183.0    215.8    219.5    200.7    241.0
                                        4 d     86.7     81.1     92.3    119.6    111.7    127.6    142.0    132.3    152.2    164.1    152.1    177.1    193.6    178.0    210.6    216.2    197.9    236.9    239.2    217.1    264.5
                                        5 d     92.7     86.2     99.2    127.8    118.7    137.1    151.8    140.6    163.6    175.4    161.6    190.4    206.9    189.1    226.4    231.1    210.3    254.6    255.8    230.6    284.4
                                        6 d     97.9     90.6    105.2    135.0    124.8    145.5    160.4    147.7    173.6    185.3    169.9    202.0    218.6    198.7    240.2    244.1    220.9    270.1    270.1    242.3    301.7
                                        7 d    102.6     94.4    110.6    141.4    130.1    152.9    167.9    154.1    182.5    194.0    177.1    212.3    228.9    207.2    252.5    255.7    230.4    284.0    282.9    252.7    317.1
   24   35   27   23  642     1017      5 m     10.0      8.3     11.7     13.8     11.5     16.2     16.4     13.6     19.4     19.0     15.6     22.5     22.4     18.3     26.8     25.0     20.3     30.1     27.7     22.3     33.7
                                       10 m     14.9     12.6     17.3     20.6     17.3     23.9     24.4     20.5     28.5     28.2     23.6     33.1     33.3     27.6     39.4     37.2     30.7     44.3     41.1     33.6     49.5
                                       15 m     18.8     16.0     21.6     25.9     22.0     29.9     30.8     26.1     35.7     35.6     30.0     41.5     42.0     35.1     49.4     46.9     39.0     55.5     51.9     42.8     62.0
                                       30 m     23.8     20.4     27.3     32.8     28.1     37.7     39.0     33.3     45.0     45.1     38.2     52.3     53.2     44.7     62.2     59.4     49.7     70.0     65.7     54.5     78.2
                                       45 m     27.3     23.5     31.2     37.7     32.4     43.2     44.8     38.3     51.5     51.7     44.0     59.9     61.0     51.5     71.3     68.2     57.3     80.1     75.4     62.8     89.5
                                        1 h     30.2     26.0     34.4     41.6     35.8     47.5     49.4     42.4     56.7     57.1     48.7     66.0     67.3     57.0     78.4     75.2     63.4     88.2     83.2     69.5     98.5
                                      1.5 h     34.6     29.9     39.3     47.7     41.2     54.4     56.7     48.8     64.9     65.5     56.1     75.5     77.3     65.7     89.8     86.3     73.0    101.0     95.5     80.1    112.8
                                        2 h     38.2     33.1     43.3     52.7     45.6     59.9     62.5     54.0     71.5     72.3     62.1     83.1     85.3     72.6     98.9     95.2     80.7    111.2    105.4     88.5    124.2
                                        4 h     45.2     39.7     50.7     62.3     54.6     70.1     74.0     64.7     83.6     85.5     74.4     97.3    100.8     87.0    115.7    112.6     96.7    130.1    124.6    106.1    145.3
                                        6 h     49.8     44.1     55.6     68.7     60.7     76.8     81.6     71.9     91.7     94.3     82.7    106.7    111.2     96.7    126.8    124.3    107.5    142.7    137.5    118.0    159.3
                                        8 h     53.4     47.5     59.3     73.7     65.5     82.0     87.5     77.5     97.9    101.1     89.1    113.9    119.3    104.3    135.4    133.2    115.9    152.3    147.4    127.2    170.1
                                       10 h     56.4     50.4     62.4     77.8     69.4     86.3     92.4     82.2    103.0    106.7     94.5    119.8    125.9    110.5    142.4    140.6    122.9    160.2    155.6    134.8    178.9
                                       12 h     59.0     52.8     65.0     81.3     72.8     89.9     96.5     86.2    107.3    111.5     99.1    124.8    131.6    115.9    148.5    147.0    128.9    167.0    162.6    141.4    186.5
                                       16 h     63.2     57.0     69.4     87.1     78.5     96.0    103.5     92.9    114.6    119.6    106.8    133.3    141.1    125.0    158.5    157.6    138.9    178.2    174.3    152.4    199.0
                                       20 h     66.7     60.4     73.0     92.0     83.2    101.0    109.3     98.5    120.5    126.2    113.2    140.2    148.9    132.5    166.7    166.3    147.3    187.5    184.0    161.5    209.4
                                       24 h     69.7     63.3     76.1     96.1     87.2    105.2    114.2    103.3    125.6    131.9    118.7    146.1    155.6    138.9    173.8    173.8    154.5    195.4    192.3    169.4    218.2
                                        1 d     58.0     52.7     63.3     79.9     72.5     87.5     95.0     85.9    104.4    109.7     98.7    121.5    129.4    115.5    144.5    144.6    128.4    162.5    160.0    140.9    181.5
                                        2 d     71.5     66.5     76.4     98.5     91.6    105.6    117.0    108.5    126.0    135.2    124.7    146.6    159.5    145.9    174.3    178.1    162.2    196.0    197.1    177.9    218.9
                                        3 d     80.7     76.2     85.2    111.3    105.0    117.8    132.2    124.3    140.6    152.8    142.9    163.6    180.2    167.2    194.5    201.3    185.9    218.8    222.7    203.9    244.3
                                        4 d     88.1     82.4     93.6    121.4    113.5    129.4    144.2    134.5    154.5    166.6    154.6    179.7    196.6    180.9    213.7    219.5    201.1    240.4    242.9    220.6    268.4
                                        5 d     94.2     87.6    100.7    129.9    120.7    139.3    154.2    142.9    166.2    178.2    164.3    193.4    210.2    192.2    229.9    234.8    213.7    258.6    259.8    234.4    288.8
                                        6 d     99.5     92.1    106.9    137.2    126.8    147.8    163.0    150.2    176.4    188.3    172.7    205.2    222.1    202.0    244.1    248.1    224.6    274.5    274.5    246.4    306.5
                                        7 d    104.3     96.0    112.5    143.7    132.3    155.5    170.7    156.6    185.5    197.3    180.1    215.9    232.7    210.7    256.7    259.9    234.2    288.7    287.6    256.9    322.4
   24   35   27   24  635     1040      5 m     10.0      8.3     11.7     13.8     11.4     16.1     16.3     13.5     19.3     18.9     15.5     22.4     22.3     18.2     26.7     24.9     20.2     30.0     27.5     22.2     33.5
                                       10 m     14.8     12.5     17.2     20.5     17.2     23.7     24.3     20.4     28.3     28.1     23.5     33.0     33.1     27.5     39.2     37.0     30.5     44.1     40.9     33.5     49.2
                                       15 m     18.7     15.9     21.5     25.8     21.9     29.8     30.7     26.0     35.5     35.4     29.8     41.3     41.8     34.9     49.1     46.7     38.8     55.3     51.6     42.6     61.7
                                       30 m     23.7     20.3     27.1     32.7     27.9     37.5     38.8     33.1     44.8     44.8     38.0     52.1     52.9     44.5     61.9     59.1     49.5     69.6     65.4     54.3     77.8
                                       45 m     27.2     23.4     31.1     37.5     32.2     42.9     44.6     38.1     51.2     51.5     43.8     59.6     60.7     51.3     70.9     67.8     57.0     79.7     75.1     62.5     89.0
                                        1 h     30.0     25.8     34.2     41.4     35.6     47.3     49.1     42.1     56.4     56.8     48.5     65.6     67.0     56.7     78.0     74.8     63.0     87.8     82.8     69.1     98.0
                                      1.5 h     34.5     29.8     39.1     47.5     41.0     54.1     56.4     48.6     64.6     65.2     55.8     75.1     76.9     65.3     89.3     85.9     72.6    100.5     95.0     79.7    112.2
                                        2 h     38.0     32.9     43.1     52.4     45.3     59.6     62.2     53.7     71.1     71.9     61.7     82.7     84.8     72.2     98.3     94.7     80.3    110.6    104.8     88.1    123.5
                                        4 h     44.9     39.4     50.4     61.9     54.3     69.7     73.5     64.3     83.1     85.0     73.9     96.7    100.2     86.5    115.0    112.0     96.2    129.4    123.9    105.5    144.5
                                        6 h     49.5     43.8     55.2     68.3     60.3     76.3     81.1     71.5     91.1     93.7     82.2    106.0    110.5     96.1    126.1    123.5    106.9    141.8    136.6    117.2    158.3
                                        8 h     53.1     47.2     58.9     73.2     65.0     81.5     86.9     77.0     97.2    100.4     88.5    113.1    118.5    103.6    134.5    132.3    115.2    151.3    146.4    126.3    168.9
                                       10 h     56.0     50.0     62.0     77.2     68.9     85.7     91.7     81.6    102.3    106.0     93.8    119.0    125.0    109.8    141.5    139.7    122.0    159.1    154.5    133.9    177.7
                                       12 h     58.5     52.5     64.6     80.7     72.3     89.3     95.9     85.6    106.6    110.8     98.4    124.0    130.7    115.1    147.4    145.9    128.0    165.8    161.5    140.4    185.2
                                       16 h     62.7     56.5     68.9     86.5     77.9     95.3    102.7     92.2    113.7    118.7    106.0    132.3    140.0    124.1    157.3    156.4    137.9    176.9    173.1    151.3    197.6
                                       20 h     66.2     59.9     72.5     91.3     82.5    100.2    108.4     97.7    119.6    125.3    112.4    139.1    147.8    131.5    165.4    165.1    146.2    186.1    182.6    160.3    207.8
                                       24 h     69.2     62.8     75.5     95.4     86.5    104.4    113.3    102.5    124.6    130.9    117.8    145.0    154.4    137.9    172.4    172.5    153.3    193.9    190.8    168.1    216.5
                                        1 d     57.5     52.2     62.8     79.3     72.0     86.8     94.2     85.2    103.6    108.9     98.0    120.6    128.4    114.6    143.4    143.4    127.4    161.2    158.7    139.8    180.1
                                        2 d     70.9     65.9     75.8     97.7     90.8    104.8    116.1    107.5    125.1    134.1    123.6    145.5    158.2    144.6    173.0    176.7    160.8    194.6    195.5    176.4    217.3
                                        3 d     80.1     75.5     84.6    110.4    104.0    117.0    131.2    123.2    139.6    151.6    141.6    162.4    178.8    165.7    193.2    199.7    184.2    217.3    220.9    202.1    242.6
                                        4 d     87.3     81.7     92.9    120.4    112.5    128.5    143.0    133.3    153.3    165.2    153.2    178.4    194.9    179.2    212.1    217.7    199.3    238.5    240.9    218.6    266.4
                                        5 d     93.4     86.8     99.9    128.8    119.6    138.1    152.9    141.6    164.8    176.7    162.8    191.8    208.4    190.5    228.0    232.8    211.8    256.5    257.6    232.3    286.4
                                        6 d     98.6     91.2    106.0    136.0    125.7    146.5    161.5    148.8    174.9    186.7    171.1    203.5    220.2    200.2    242.0    245.9    222.6    272.1    272.1    244.1    303.9
                                        7 d    103.3     95.2    111.5    142.5    131.1    154.1    169.2    155.2    183.9    195.5    178.5    213.9    230.6    208.8    254.4    257.6    232.1    286.1    285.0    254.6    319.5
   24   35   27   25  577      970      5 m      9.8      8.1     11.5     13.5     11.2     15.8     16.0     13.3     18.9     18.5     15.3     22.0     21.9     17.9     26.1     24.4     19.9     29.4     27.0     21.8     32.8
                                       10 m     14.6     12.3     16.8     20.1     16.9     23.3     23.8     20.0     27.8     27.6     23.0     32.3     32.5     26.9     38.5     36.3     30.0     43.3     40.2     32.9     48.3
                                       15 m     18.4     15.6     21.1     25.3     21.5     29.2     30.1     25.5     34.8     34.7     29.3     40.5     41.0     34.3     48.2     45.8     38.1     54.2     50.7     41.8     60.5
                                       30 m     23.3     19.9     26.6     32.1     27.4     36.8     38.1     32.5     43.9     44.0     37.3     51.1     51.9     43.7     60.7     58.0     48.5     68.3     64.1     53.2     76.3
                                       45 m     26.7     22.9     30.5     36.8     31.6     42.1     43.7     37.4     50.3     50.5     43.0     58.5     59.6     50.3     69.5     66.5     55.9     78.2     73.6     61.3     87.4
                                        1 h     29.4     25.3     33.5     40.6     34.9     46.4     48.2     41.3     55.3     55.7     47.5     64.4     65.7     55.6     76.6     73.4     61.8     86.1     81.2     67.8     96.2
                                      1.5 h     33.8     29.2     38.4     46.6     40.2     53.1     55.3     47.6     63.4     64.0     54.8     73.7     75.4     64.1     87.6     84.3     71.2     98.6     93.2     78.1    110.1
                                        2 h     37.3     32.3     42.3     51.4     44.5     58.4     61.0     52.7     69.7     70.5     60.6     81.1     83.2     70.9     96.5     92.9     78.8    108.5    102.8     86.4    121.2
                                        4 h     43.9     38.5     49.3     60.6     53.1     68.2     71.9     62.9     81.4     83.1     72.3     94.7     98.1     84.6    112.6    109.5     94.0    126.6    121.2    103.1    141.4
                                        6 h     48.4     42.7     54.0     66.7     58.9     74.6     79.2     69.7     89.1     91.5     80.2    103.6    108.0     93.8    123.2    120.6    104.3    138.6    133.4    114.4    154.7
                                        8 h     51.8     46.0     57.5     71.4     63.4     79.5     84.8     75.0     94.9     98.0     86.3    110.5    115.6    100.9    131.3    129.1    112.2    147.7    142.8    123.1    165.0
                                       10 h     54.6     48.7     60.5     75.3     67.1     83.6     89.4     79.4     99.8    103.3     91.3    116.1    121.8    106.8    138.0    136.1    118.8    155.2    150.6    130.3    173.4
                                       12 h     57.0     51.0     63.0     78.6     70.3     87.1     93.3     83.2    103.9    107.9     95.7    120.9    127.2    111.9    143.7    142.1    124.4    161.7    157.2    136.5    180.5
                                       16 h     61.0     54.9     67.1     84.1     75.6     92.8     99.9     89.5    110.8    115.5    102.9    128.9    136.2    120.4    153.2    152.1    133.9    172.4    168.3    146.9    192.5
                                       20 h     64.3     58.1     70.6     88.7     80.0     97.5    105.4     94.8    116.4    121.7    109.0    135.4    143.6    127.5    161.0    160.4    141.7    181.1    177.5    155.5    202.3
                                       24 h     67.2     60.9     73.5     92.6     83.8    101.6    110.0     99.3    121.2    127.1    114.2    141.0    149.9    133.6    167.7    167.5    148.5    188.6    185.3    162.9    210.6
                                        1 d     55.9     50.6     61.1     77.0     69.7     84.5     91.5     82.6    100.8    105.7     94.9    117.3    124.7    111.1    139.5    139.3    123.5    156.9    154.1    135.5    175.2
                                        2 d     68.8     63.9     73.7     94.9     88.0    101.8    112.7    104.2    121.6    130.2    119.8    141.4    153.6    140.2    168.2    171.5    155.8    189.1    189.8    170.9    211.2
                                        3 d     77.7     73.2     82.2    107.2    100.8    113.6    127.3    119.4    135.6    147.1    137.3    157.8    173.5    160.6    187.6    193.8    178.6    211.0    214.4    195.9    235.6
                                        4 d     84.6     79.1     90.2    116.7    108.9    124.6    138.6    129.0    148.8    160.1    148.2    173.1    188.9    173.5    205.8    211.0    192.8    231.5    233.5    211.5    258.5
                                        5 d     90.4     83.9     96.9    124.7    115.6    133.9    148.1    136.9    159.8    171.1    157.4    185.9    201.8    184.1    221.1    225.4    204.7    248.7    249.4    224.5    277.7
                                        6 d     95.4     88.1    102.7    131.6    121.3    142.0    156.3    143.7    169.5    180.6    165.2    197.2    213.0    193.3    234.5    237.9    214.9    263.7    263.2    235.7    294.5
                                        7 d     99.9     91.8    107.9    137.7    126.4    149.2    163.6    149.7    178.1    189.0    172.1    207.2    222.9    201.4    246.4    249.0    223.9    277.1    275.5    245.6    309.4
   24   36   27   23  646     1000      5 m     10.0      8.3     11.7     13.8     11.5     16.2     16.4     13.6     19.4     19.0     15.6     22.5     22.4     18.3     26.8     25.0     20.3     30.1     27.7     22.3     33.7
                                       10 m     14.9     12.6     17.3     20.6     17.3     23.9     24.4     20.5     28.5     28.2     23.6     33.2     33.3     27.6     39.4     37.2     30.7     44.3     41.2     33.7     49.5
                                       15 m     18.8     16.0     21.6     26.0     22.0     29.9     30.8     26.1     35.7     35.6     30.0     41.5     42.0     35.1     49.4     46.9     39.0     55.6     51.9     42.8     62.1
                                       30 m     23.8     20.4     27.3     32.9     28.1     37.7     39.0     33.3     45.0     45.1     38.2     52.4     53.2     44.7     62.3     59.4     49.7     70.0     65.7     54.6     78.2
                                       45 m     27.4     23.5     31.2     37.7     32.4     43.2     44.8     38.3     51.5     51.8     44.1     60.0     61.1     51.6     71.3     68.2     57.3     80.2     75.5     62.9     89.5
                                        1 h     30.2     26.0     34.4     41.6     35.8     47.5     49.4     42.4     56.7     57.1     48.7     66.0     67.4     57.0     78.5     75.2     63.4     88.3     83.3     69.5     98.6
                                      1.5 h     34.7     29.9     39.4     47.8     41.2     54.4     56.7     48.8     64.9     65.6     56.1     75.6     77.3     65.7     89.9     86.4     73.0    101.1     95.6     80.1    112.9
                                        2 h     38.2     33.1     43.3     52.7     45.6     59.9     62.6     54.0     71.5     72.3     62.1     83.2     85.3     72.6     98.9     95.3     80.8    111.2    105.4     88.6    124.2
                                        4 h     45.2     39.7     50.7     62.3     54.7     70.1     74.0     64.7     83.7     85.5     74.4     97.3    100.9     87.1    115.7    112.7     96.8    130.2    124.7    106.2    145.4
                                        6 h     49.9     44.1     55.6     68.8     60.8     76.8     81.7     72.0     91.7     94.4     82.8    106.7    111.3     96.8    126.9    124.3    107.7    142.7    137.6    118.1    159.4
                                        8 h     53.5     47.6     59.3     73.7     65.5     82.0     87.6     77.6     97.9    101.2     89.2    113.9    119.4    104.4    135.4    133.3    116.1    152.3    147.5    127.3    170.1
                                       10 h     56.4     50.4     62.4     77.8     69.5     86.3     92.4     82.3    103.0    106.8     94.6    119.8    126.0    110.7    142.5    140.7    123.1    160.2    155.7    135.0    178.9
                                       12 h     59.0     52.9     65.0     81.3     72.9     89.9     96.6     86.3    107.3    111.6     99.2    124.9    131.7    116.1    148.5    147.1    129.1    167.0    162.7    141.6    186.5
                                       16 h     63.3     57.1     69.4     87.2     78.6     96.0    103.6     93.1    114.5    119.7    107.0    133.3    141.2    125.2    158.5    157.7    139.2    178.2    174.5    152.7    199.0
                                       20 h     66.8     60.5     73.0     92.1     83.3    101.0    109.3     98.7    120.5    126.3    113.4    140.2    149.0    132.7    166.7    166.5    147.5    187.5    184.2    161.8    209.4
                                       24 h     69.8     63.4     76.1     96.2     87.4    105.2    114.3    103.5    125.6    132.0    119.0    146.1    155.8    139.2    173.7    174.0    154.7    195.4    192.5    169.7    218.2
                                        1 d     58.0     52.8     63.3     80.0     72.7     87.5     95.0     86.1    104.4    109.8     98.9    121.5    129.5    115.8    144.5    144.7    128.7    162.5    160.1    141.2    181.5
                                        2 d     71.5     66.6     76.4     98.6     91.7    105.6    117.1    108.6    126.1    135.3    124.8    146.7    159.6    146.1    174.4    178.3    162.4    196.1    197.3    178.1    219.0
                                        3 d     80.8     76.3     85.3    111.4    105.1    117.9    132.3    124.4    140.7    152.9    143.0    163.7    180.4    167.4    194.7    201.5    186.1    219.0    222.9    204.1    244.5
                                        4 d     88.1     82.5     93.7    121.5    113.7    129.5    144.3    134.6    154.6    166.8    154.8    179.8    196.7    181.1    213.8    219.7    201.3    240.5    243.1    220.8    268.6
                                        5 d     94.3     87.7    100.8    130.0    120.9    139.3    154.4    143.1    166.2    178.4    164.5    193.4    210.4    192.5    230.0    235.0    214.0    258.7    260.1    234.8    288.9
                                        6 d     99.6     92.2    106.9    137.3    127.0    147.8    163.1    150.5    176.4    188.5    173.0    205.3    222.3    202.4    244.1    248.3    225.0    274.5    274.8    246.8    306.6
                                        7 d    104.4     96.2    112.5    143.9    132.5    155.5    170.9    156.9    185.5    197.5    180.4    215.9    232.9    211.1    256.7    260.2    234.7    288.7    287.8    257.4    322.4
   24   36   27   24  645     1020      5 m     10.0      8.3     11.7     13.8     11.5     16.2     16.4     13.6     19.3     18.9     15.6     22.5     22.3     18.2     26.7     25.0     20.3     30.1     27.6     22.2     33.6
                                       10 m     14.9     12.5     17.2     20.5     17.3     23.8     24.4     20.5     28.4     28.2     23.5     33.1     33.2     27.5     39.3     37.1     30.6     44.2     41.1     33.6     49.4
                                       15 m     18.8     16.0     21.6     25.9     22.0     29.8     30.7     26.0     35.6     35.5     29.9     41.4     41.9     35.0     49.3     46.8     38.9     55.4     51.8     42.7     61.9
                                       30 m     23.8     20.3     27.2     32.8     28.0     37.6     38.9     33.2     44.9     45.0     38.1     52.2     53.1     44.6     62.1     59.3     49.6     69.8     65.6     54.4     78.0
                                       45 m     27.3     23.4     31.1     37.6     32.3     43.1     44.7     38.2     51.4     51.6     43.9     59.8     60.9     51.4     71.1     68.0     57.2     80.0     75.3     62.7     89.3
                                        1 h     30.1     25.9     34.3     41.5     35.7     47.4     49.3     42.3     56.6     56.9     48.6     65.8     67.2     56.9     78.3     75.0     63.2     88.0     83.0     69.3     98.3
                                      1.5 h     34.6     29.9     39.3     47.6     41.1     54.3     56.6     48.7     64.8     65.4     56.0     75.3     77.1     65.5     89.6     86.1     72.8    100.8     95.3     79.9    112.5
                                        2 h     38.1     33.0     43.2     52.5     45.5     59.7     62.4     53.9     71.3     72.1     61.9     82.9     85.1     72.4     98.6     95.0     80.5    110.9    105.1     88.3    123.9
                                        4 h     45.1     39.6     50.6     62.1     54.5     69.9     73.8     64.5     83.4     85.3     74.2     97.0    100.6     86.8    115.4    112.3     96.5    129.8    124.3    105.8    144.9
                                        6 h     49.7     44.0     55.4     68.5     60.6     76.6     81.4     71.7     91.4     94.0     82.4    106.4    110.9     96.5    126.5    123.9    107.2    142.3    137.1    117.6    158.9
                                        8 h     53.3     47.4     59.2     73.5     65.3     81.8     87.3     77.3     97.6    100.8     88.9    113.5    118.9    104.0    135.0    132.8    115.6    151.8    147.0    126.8    169.6
                                       10 h     56.2     50.2     62.2     77.5     69.2     86.0     92.1     81.9    102.6    106.4     94.2    119.4    125.5    110.2    142.0    140.2    122.5    159.7    155.1    134.4    178.4
                                       12 h     58.8     52.7     64.8     81.0     72.6     89.6     96.2     85.9    107.0    111.2     98.8    124.5    131.2    115.6    148.0    146.5    128.5    166.5    162.1    140.9    185.9
                                       16 h     63.0     56.8     69.2     86.9     78.2     95.7    103.2     92.6    114.2    119.2    106.5    132.8    140.6    124.6    158.0    157.1    138.5    177.7    173.8    151.9    198.4
                                       20 h     66.5     60.2     72.8     91.7     82.9    100.6    108.9     98.2    120.1    125.8    112.8    139.7    148.4    132.0    166.1    165.8    146.8    186.9    183.4    161.0    208.7
                                       24 h     69.5     63.1     75.9     95.8     86.9    104.9    113.8    102.9    125.2    131.5    118.3    145.6    155.1    138.5    173.2    173.2    153.9    194.7    191.7    168.8    217.5
                                        1 d     57.8     52.5     63.1     79.7     72.3     87.2     94.6     85.6    104.1    109.3     98.4    121.1    129.0    115.1    144.0    144.1    128.0    162.0    159.4    140.4    180.9
                                        2 d     71.2     66.3     76.1     98.2     91.3    105.2    116.6    108.1    125.6    134.7    124.3    146.1    158.9    145.4    173.7    177.5    161.6    195.4    196.4    177.3    218.2
                                        3 d     80.5     75.9     84.9    110.9    104.6    117.4    131.8    123.9    140.1    152.2    142.4    163.0    179.6    166.6    193.8    200.6    185.2    218.0    221.9    203.2    243.5
                                        4 d     87.7     82.2     93.3    121.0    113.2    128.9    143.7    134.0    153.9    166.0    154.1    179.0    195.8    180.3    212.9    218.7    200.4    239.4    242.0    219.8    267.4
                                        5 d     93.8     87.3    100.3    129.4    120.3    138.6    153.7    142.5    165.5    177.6    163.8    192.5    209.4    191.6    228.9    233.9    213.0    257.5    258.8    233.7    287.5
                                        6 d     99.1     91.8    106.4    136.7    126.4    147.1    162.3    149.7    175.6    187.6    172.1    204.3    221.3    201.4    242.9    247.1    223.9    273.2    273.5    245.6    305.1
                                        7 d    103.8     95.7    111.9    143.2    131.9    154.7    170.1    156.2    184.6    196.5    179.5    214.8    231.8    210.1    255.4    258.9    233.5    287.3    286.4    256.2    320.8
   24   36   27   25  596     1140      5 m      9.7      8.1     11.3     13.2     11.0     15.4     15.7     13.0     18.4     18.2     15.0     21.6     21.8     17.8     26.0     24.7     19.9     29.8     27.7     22.2     33.8
                                       10 m     14.4     12.2     16.7     19.6     16.5     22.6     23.3     19.6     27.1     27.1     22.6     31.7     32.4     26.8     38.3     36.7     30.0     43.8     41.2     33.4     49.7
                                       15 m     18.2     15.5     20.9     24.7     21.0     28.4     29.4     24.9     33.9     34.2     28.8     39.8     40.8     34.1     48.0     46.2     38.2     54.9     52.0     42.5     62.3
                                       30 m     23.0     19.7     26.4     31.3     26.8     35.8     37.2     31.7     42.8     43.3     36.7     50.1     51.7     43.4     60.4     58.5     48.7     69.2     65.8     54.1     78.5
                                       45 m     26.4     22.7     30.2     35.9     30.8     41.0     42.7     36.5     49.0     49.7     42.3     57.4     59.4     50.0     69.2     67.2     56.1     79.2     75.5     62.4     89.8
                                        1 h     29.2     25.1     33.2     39.6     34.1     45.1     47.1     40.4     53.9     54.8     46.7     63.2     65.5     55.3     76.2     74.1     62.0     87.1     83.3     69.0     98.9
                                      1.5 h     33.5     28.9     38.0     45.4     39.3     51.6     54.1     46.5     61.7     62.9     53.8     72.3     75.2     63.7     87.2     85.1     71.4     99.8     95.6     79.5    113.2
                                        2 h     36.9     32.0     41.9     50.1     43.4     56.8     59.6     51.5     67.9     69.3     59.5     79.6     82.9     70.5     96.0     93.9     79.0    109.8    105.5     87.9    124.6
                                        4 h     43.5     38.2     48.8     59.1     51.8     66.3     70.3     61.4     79.2     81.7     71.0     92.9     97.7     84.1    112.0    110.6     94.2    128.1    124.3    104.8    145.4
                                        6 h     47.9     42.3     53.4     65.0     57.5     72.5     77.3     68.1     86.7     89.9     78.7    101.6    107.5     93.2    122.5    121.7    104.5    140.2    136.8    116.2    159.1
                                        8 h     51.3     45.5     57.0     69.6     61.8     77.3     82.8     73.2     92.4     96.3     84.7    108.3    115.1    100.3    130.6    130.3    112.4    149.4    146.4    125.1    169.6
                                       10 h     54.0     48.2     59.9     73.4     65.5     81.2     87.3     77.5     97.1    101.5     89.7    113.8    121.3    106.2    137.3    137.4    119.0    157.0    154.3    132.4    178.2
                                       12 h     56.4     50.5     62.3     76.6     68.6     84.6     91.1     81.2    101.1    106.0     93.9    118.5    126.7    111.2    142.9    143.4    124.7    163.5    161.1    138.7    185.6
                                       16 h     60.4     54.3     66.4     82.0     73.8     90.2     97.5     87.4    107.8    113.4    101.1    126.3    135.6    119.7    152.4    153.5    134.1    174.3    172.5    149.2    197.8
                                       20 h     63.7     57.5     69.8     86.4     78.1     94.7    102.8     92.5    113.3    119.6    107.0    132.7    143.0    126.7    160.1    161.8    142.0    183.1    181.8    157.9    207.8
                                       24 h     66.5     60.2     72.7     90.2     81.8     98.7    107.4     96.9    117.9    124.8    112.1    138.2    149.3    132.7    166.7    169.0    148.7    190.7    189.9    165.5    216.4
                                        1 d     55.3     50.1     60.5     75.0     68.0     82.0     89.3     80.6     98.1    103.8     93.2    115.0    124.1    110.3    138.6    140.5    123.7    158.6    157.9    137.6    180.0
                                        2 d     68.1     63.2     72.9     92.4     85.9     98.9    109.9    101.7    118.2    127.8    117.6    138.6    152.9    139.2    167.1    173.1    156.1    191.2    194.4    173.6    217.0
                                        3 d     76.9     72.4     81.3    104.4     98.4    110.4    124.2    116.5    131.9    144.4    134.8    154.6    172.7    159.5    186.5    195.5    178.9    213.3    219.6    199.0    242.1
                                        4 d     83.7     78.2     89.2    113.6    106.2    121.0    135.2    125.8    144.7    157.2    145.5    169.6    188.0    172.3    204.5    212.8    193.1    234.0    239.1    214.8    265.5
                                        5 d     89.4     83.0     95.8    121.4    112.7    130.0    144.4    133.5    155.4    167.9    154.4    182.2    200.8    182.8    219.7    227.3    205.0    251.3    255.4    228.0    285.2
                                        6 d     94.4     87.1    101.6    128.1    118.3    137.9    152.4    140.1    164.8    177.2    162.1    193.2    211.9    191.9    233.0    239.9    215.2    266.5    269.6    239.3    302.4
                                        7 d     98.8     90.8    106.7    134.1    123.3    144.9    159.5    146.0    173.2    185.5    168.9    203.0    221.8    200.0    244.8    251.1    224.2    280.0    282.1    249.4    317.8
